12.520 37.490
12.540 37.540
12.560 37.590
12.580 37.650
12.600 37.700
12.620 37.740
12.640 37.790
12.660 37.830
12.680 37.870
12.700 37.900
12.720 37.930
12.740 37.960
12.760 37.990
12.780 38.020
12.800 38.040
12.820 38.060
12.840 38.090
12.860 38.110
12.880 38.130
12.900 38.150
12.920 38.160
12.940 38.180
12.960 38.200
12.980 38.220
13.000 38.230
13.020 38.250
13.040 38.260
13.060 38.270
13.080 38.280
13.100 38.300
13.120 38.310
13.140 38.320
13.160 38.330
13.180 38.330
13.200 38.340
13.220 38.350
13.240 38.360
13.260 38.370
13.280 38.370
13.300 38.380
13.320 38.390
13.340 38.390
13.360 38.400
13.380 38.400
13.400 38.410
13.420 38.410
13.440 38.420
13.460 38.420
13.480 38.430
13.500 38.430
13.520 38.440
13.540 38.440
13.560 38.440
13.580 38.440
13.600 38.450
13.620 38.450
13.640 38.450
13.660 38.450
13.680 38.450
13.700 38.450
13.720 38.450
13.740 38.450
13.760 38.450
13.780 38.450
13.800 38.450
13.820 38.450
13.840 38.450
13.860 38.450
13.880 38.440
13.900 38.440
13.920 38.440
13.940 38.440
13.960 38.430
13.980 38.430
14.000 38.420
14.020 38.420
14.040 38.410
14.060 38.400
14.080 38.390
14.100 38.370
14.120 38.360
14.140 38.340
14.160 38.320
14.180 38.300
14.200 38.280
14.220 38.260
14.240 38.240
14.260 38.210
14.280 38.200
14.300 38.180
14.320 38.170
14.340 38.160
14.360 38.150
14.380 38.150
14.400 38.160
14.420 38.160
14.440 38.170
14.460 38.170
14.480 38.190
14.500 38.200
14.520 38.210
14.540 38.220
14.560 38.230
14.580 38.250
14.600 38.260
14.620 38.270
14.640 38.290
14.660 38.300
14.680 38.310
14.700 38.320
14.720 38.330
14.740 38.350
14.760 38.370
14.780 38.380
14.800 38.400
14.820 38.420
14.840 38.440
14.860 38.460
14.880 38.480
14.900 38.510
14.920 38.540
14.940 38.560
14.960 38.590
14.980 38.610
15.000 38.630
15.020 38.640
15.040 38.650
15.060 38.650
15.080 38.650
15.100 38.650
15.120 38.660
15.140 38.660
15.160 38.670
15.180 38.690
15.200 38.700
15.220 38.710
15.240 38.720
15.260 38.730
15.280 38.740
15.300 38.750
15.320 38.760
15.340 38.760
15.360 38.760
15.380 38.760
15.400 38.740
15.420 38.730
15.440 38.700
15.460 38.670
15.480 38.640
15.500 38.600
15.520 38.570
15.540 38.540
15.560 38.520
15.580 38.490
15.600 38.480
15.620 38.460
15.640 38.450
15.660 38.430
15.680 38.410
15.700 38.400
15.720 38.380
15.740 38.360
15.760 38.340
15.780 38.320
15.800 38.300
15.820 38.270
15.840 38.250
15.860 38.230
15.880 38.200
15.900 38.180
15.920 38.160
15.940 38.140
15.960 38.120
15.980 38.090
16.000 38.070
16.020 38.050
16.040 38.030
16.060 38.010
16.080 37.980
16.100 37.960
16.120 37.940
16.140 37.920
16.160 37.900
16.180 37.870
16.200 37.850
16.220 37.830
16.240 37.810
16.260 37.790
16.280 37.770
16.300 37.740
16.320 37.720
16.340 37.700
16.360 37.680
16.380 37.660
16.400 37.630
16.420 37.610
16.440 37.590
16.460 37.570
16.480 37.550
16.500 37.520
16.520 37.500
16.540 37.480
16.560 37.460
16.580 37.440
16.600 37.420
16.620 37.410
16.640 37.390
16.660 37.370
16.680 37.360
16.700 37.340
16.720 37.330
16.740 37.310
16.760 37.300
16.780 37.290
16.800 37.290
16.820 37.280
16.840 37.270
16.860 37.270
16.880 37.270
16.900 37.270
16.920 37.270
16.940 37.270
16.960 37.260
16.980 37.260
17.000 37.260
17.020 37.260
17.040 37.260
17.060 37.260
17.080 37.260
17.100 37.260
17.120 37.260
17.140 37.260
17.160 37.260
17.180 37.260
17.200 37.260
17.220 37.260
17.240 37.260
17.260 37.260
17.280 37.260
17.300 37.260
17.320 37.260
17.340 37.260
17.360 37.260
17.380 37.260
17.400 37.260
17.420 37.260
17.440 37.260
17.460 37.260
17.480 37.260
17.500 37.260
17.520 37.260
17.540 37.260
17.560 37.260
17.580 37.260
17.600 37.260
17.620 37.260
17.640 37.260
17.660 37.260
17.680 37.260
17.700 37.260
17.720 37.260
17.740 37.260
17.760 37.260
17.780 37.260
17.800 37.260
17.820 37.260
17.840 37.260
17.860 37.260
17.880 37.260
17.900 37.260
17.920 37.260
17.940 37.260
17.960 37.260
17.980 37.260
18.000 37.260
18.020 37.260
18.040 37.260
18.060 37.260
18.080 37.260
18.100 37.260
18.120 37.260
18.140 37.260
18.160 37.260
18.180 37.260
18.200 37.260
18.220 37.260
18.240 37.260
18.260 37.260
18.280 37.260
18.300 37.260
18.320 37.260
18.340 37.260
18.360 37.260
18.380 37.260
18.400 37.260
18.420 37.260
